option = {
  title: {
    text: 'Stacked Line'
  },
  tooltip: {
    trigger: 'axis'
  },
  legend: {
    data: ['4.0', '7.0']
  },
  grid: {
    left: '3%',
    right: '4%',
    bottom: '3%',
    containLabel: true
  },
  toolbox: {
    feature: {
      saveAsImage: {}
    }
  },
  xAxis: {
    type: 'category',
    boundaryGap: false,
    axisLabel: {
        interval: 9,
    }
    
  },
  yAxis: {
    type: 'value'
  },
  series: [
    {
      name: '4.0',
      type: 'line',
     
      data: [9.41, 10.0, 10.09, 22.39, 22.39, 22.39, 22.39, 22.39, 22.39, 22.39, 22.39, 22.39, 22.39, 22.39, 22.39, 22.39, 30.42, 30.42, 30.42, 30.42, 31.32, 32.82, 32.82, 32.82, 32.82, 32.82, 32.82, 36.56, 36.56, 36.56, 36.56, 36.56, 36.56, 36.56, 36.56, 36.56, 36.56, 36.56, 36.56, 36.56, 36.56, 36.56, 36.56, 36.56, 36.56, 36.56, 36.56, 36.56, 37.34, 37.34, 37.34, 37.34, 37.34, 37.34, 37.34, 37.34, 37.34, 37.34, 37.34, 37.34, 37.34, 37.34, 37.34, 37.34, 39.8, 39.8, 39.8, 39.8, 39.8, 39.8, 39.8, 39.8, 39.8, 39.8, 39.8, 39.96, 39.96, 39.96, 39.96, 39.96, 39.96, 39.96, 39.96, 39.96, 39.96, 39.96, 39.96, 39.96, 39.96, 39.96, 42.15, 42.15, 45.16, 45.16, 45.16, 45.16, 45.16, 45.16, 45.16, 45.16, 45.16, 45.16, 45.16, 45.16, 46.8, 46.8, 46.8, 46.8, 46.8, 46.8, 46.8, 46.8, 46.8, 46.8, 46.8, 46.8, 46.8, 46.8, 46.8, 50.61, 50.61, 50.61, 50.61, 50.61, 50.61, 50.61, 50.61, 50.61, 50.61, 50.61, 50.61, 50.61, 50.61, 50.61, 51.14, 51.14, 51.77, 51.77, 51.77, 51.77, 51.77, 51.77, 51.77, 51.77, 51.77, 51.77, 51.77, 51.77, 51.77, 51.77, 51.77, 51.77, 51.77, 51.77, 51.77, 51.77, 51.77, 51.77, 51.77, 51.77, 51.77, 51.77, 51.77, 51.77, 51.77, 51.77, 51.77, 51.77, 51.77, 51.77, 51.77, 51.77, 51.77, 51.77, 51.77, 51.77, 51.77, 51.77, 51.77, 51.77, 51.77, 51.77, 51.77, 51.77, 53.75, 53.75, 53.75, 53.75, 53.75, 53.75, 53.75, 53.75, 53.75, 53.75, 53.75, 53.75, 53.75, 53.75, 53.75, 53.75, 53.75, 53.75, 53.75, 53.75, 53.75, 53.75, 53.75, 53.75, 53.75, 53.75, 53.75, 53.75, 53.75, 53.75, 53.75, 53.75, 53.75, 53.75, 53.75, 53.75, 53.75, 53.75, 53.75, 53.75, 56.0, 56.0, 56.0, 56.0, 56.0, 56.0, 56.0, 56.0, 56.0, 56.0, 56.0, 56.0, 56.0, 56.0, 56.0, 56.0, 56.0, 56.0, 56.0, 56.0, 56.0, 56.0, 56.0, 56.0, 56.0, 56.0, 56.0, 56.0, 56.0, 56.0, 56.0, 56.0, 56.0, 56.0, 56.0, 56.0, 56.0, 56.0, 56.0, 56.0, 56.0, 56.0, 56.0, 56.0, 56.0, 56.0, 56.0, 56.0, 56.0, 56.0, 56.0, 56.0, 56.0, 56.0, 56.0, 56.0, 56.0, 56.0, 56.0, 56.0, 56.0, 56.0, 56.0, 56.0, 56.0, 56.0, 56.0, 56.0, 56.0, 56.0, 56.0, 56.0, 56.9, 56.9, 56.9, 56.9, 56.9, 56.9, 56.9, 56.9, 56.9, 56.9, 56.9, 56.9, 56.9, 56.9, 56.9, 56.9, 56.98, 56.98, 56.98, 56.98, 56.98, 56.98, 57.72, 57.72, 57.72, 57.72, 57.72, 58.85, 58.85, 58.85, 58.85, 58.85, 58.85, 58.85, 58.85, 58.85, 58.85, 58.85, 58.85, 58.85, 58.85, 58.85, 58.85, 58.85, 58.85, 58.85, 58.85, 58.85, 58.85, 58.85, 58.85, 58.85, 58.85, 58.85, 58.85, 58.85, 58.85, 58.85, 58.85, 58.85, 58.85, 58.85, 58.85, 58.85, 58.99, 58.99, 58.99, 58.99, 58.99, 58.99, 58.99, 58.99, 58.99, 58.99, 58.99, 58.99, 58.99, 58.99, 58.99, 58.99, 58.99, 58.99, 58.99, 58.99, 58.99, 58.99, 58.99, 58.99, 58.99, 58.99, 58.99, 58.99, 58.99, 58.99, 58.99, 58.99, 58.99, 58.99, 58.99, 58.99, 58.99, 58.99, 58.99, 58.99]
    },
    {
      name: '7.0',
      type: 'line',
      
      data: [9.95, 10.0, 10.0, 10.0, 10.02, 10.97, 15.95, 22.29, 22.29, 22.76, 22.76, 22.76, 22.76, 22.76, 27.79, 27.79, 27.79, 27.79, 28.51, 28.51, 28.51, 28.51, 28.51, 31.98, 31.98, 32.77, 32.77, 32.77, 32.77, 32.77, 32.77, 32.77, 32.77, 34.11, 34.11, 34.11, 34.11, 34.11, 34.11, 34.11, 34.11, 34.11, 34.11, 36.77, 36.77, 36.77, 36.77, 36.77, 36.77, 40.85, 42.87, 42.87, 42.87, 42.87, 42.87, 42.87, 42.87, 42.87, 42.87, 42.87, 42.87, 42.87, 42.87, 42.87, 42.87, 42.87, 42.87, 42.87, 42.87, 42.87, 45.48, 45.48, 45.48, 45.48, 45.48, 45.48, 45.48, 45.48, 45.48, 45.48, 45.48, 45.48, 45.48, 45.48, 45.48, 45.48, 45.48, 45.48, 45.48, 45.48, 45.48, 48.1, 48.1, 48.1, 48.1, 48.1, 48.1, 48.1, 48.1, 48.33, 50.25, 50.25, 50.25, 50.25, 50.25, 50.25, 50.25, 50.25, 50.39, 50.39, 50.39, 50.39, 50.39, 50.39, 50.39, 50.39, 50.39, 50.39, 50.39, 50.39, 50.39, 50.39, 50.39, 50.39, 54.47, 54.47, 54.47, 54.47, 54.7, 54.7, 54.7, 54.7, 54.7, 54.7, 54.7, 54.7, 54.7, 54.7, 54.7, 54.7, 54.7, 54.7, 54.7, 54.7, 55.2, 55.2, 55.2, 55.2, 55.2, 55.2, 55.2, 55.2, 55.2, 55.2, 56.93, 56.93, 56.93, 56.93, 56.93, 56.93, 56.93, 56.93, 56.93, 56.93, 56.93, 56.93, 57.57, 57.57, 57.57, 57.57, 57.57, 57.57, 57.57, 57.57, 57.57, 57.57, 57.57, 57.57, 57.57, 57.57, 57.57, 57.57, 57.57, 57.57, 57.57, 57.57, 57.57, 57.57, 57.57, 57.57, 57.57, 57.57, 57.57, 57.57, 57.57, 57.57, 57.57, 57.57, 57.57, 57.57, 57.57, 57.57, 57.57, 57.57, 57.57, 57.57, 57.57, 57.57, 57.57, 57.57, 57.57, 57.57, 57.57, 58.55, 58.55, 58.55, 58.55, 58.55, 58.55, 58.55, 58.55, 58.55, 58.55, 58.55, 58.55, 58.55, 58.55, 58.55, 58.55, 58.55, 58.55, 58.55, 58.55, 58.55, 58.55, 58.55, 58.55, 58.55, 58.55, 58.55, 58.55, 58.55, 58.55, 58.55, 58.55, 59.09, 59.09, 59.09, 59.09, 59.09, 59.09, 59.09, 59.09, 59.09, 59.09, 59.09, 59.09, 59.09, 59.09, 59.09, 59.09, 59.09, 59.09, 59.09, 59.09, 59.09, 59.09, 59.09, 59.09, 59.09, 59.09, 59.09, 59.09, 59.09, 59.09, 59.09, 59.09, 59.09, 59.09, 59.09, 59.09, 59.09, 59.09, 59.09, 59.09, 59.09, 59.09, 59.09, 59.09, 59.09, 60.79, 60.79, 60.79, 60.79, 60.79, 60.79, 60.79, 60.79, 60.79, 60.79, 60.79, 60.79, 60.79, 61.81, 61.81, 61.81, 61.81, 61.81, 61.81, 61.81, 61.81, 61.81, 61.81, 61.81, 61.81, 61.81, 61.81, 61.81, 61.81, 61.81, 61.81, 61.81, 61.81, 61.81, 61.81, 61.81, 61.81, 61.81, 61.81, 61.81, 61.81, 61.81, 61.81, 61.81, 61.81, 61.81, 61.81, 61.81, 61.81, 61.81, 61.81, 61.81, 61.81, 61.81, 61.81, 61.81, 61.81, 61.81, 61.81, 61.81, 61.81, 61.81, 61.81, 61.81, 61.81, 61.81, 61.81, 61.81, 61.81, 61.81, 61.81, 61.81, 61.81, 61.81, 61.81, 61.81, 61.81, 61.81, 61.81, 61.81, 61.81, 61.81, 61.81, 61.81, 61.81, 61.81, 61.81, 61.81, 61.81, 61.81, 61.81, 61.81, 61.81, 61.81, 61.81, 61.81, 61.81, 61.81, 61.81, 61.81, 61.81, 61.81, 61.81, 61.81, 61.81, 61.81, 61.81, 61.81, 61.81, 61.81]
    },
    
  ]
};